30
39
38
22
21
12
28
29
37
2
10
1
56
64
55
45
35
36
14
15
23
31
32
41
48
57
56
4
14
13
13
12
3
11
20
19
41
33
42
74
73
65
77
67
68
57
65
56
67
58
68
68
58
59
69
68
60
41
40
31
24
25
33
25
34
33
60
59
51
51
59
50
43
34
44
61
69
60
26
35
25
7
8
17
35
34
25
36
35
26
45
54
44
61
78
69
47
55
46
48
56
47
46
38
47
30
21
31
20
21
29
10
2
11
21
20
12
9
18
8
11
3
12
23
13
14
22
12
13
3
4
13
37
38
46
37
29
38
28
19
20
28
20
29
19
10
11
3
11
2
12
20
11
74
65
66
73
64
65
47
56
55
65
64
56
39
48
47
48
58
57
75
74
66
57
76
66
76
57
67
66
65
57
75
66
76
38
39
47
58
67
57
29
30
38
49
58
48
39
49
48
49
59
58
40
49
39
40
41
50
21
30
29
40
39
30
13
23
22
40
30
31
23
32
22
31
21
22
51
50
42
31
22
32
24
16
25
24
32
23
33
41
32
50
49
40
44
34
35
42
33
34
42
50
41
59
49
50
76
67
77
34
43
42
60
68
59
43
52
51
69
77
68
51
52
60
78
77
69
62
61
52
71
70
61
78
70
79
78
61
70
70
80
79
52
43
53
51
42
43
62
52
53
61
60
52
53
54
63
71
61
62
53
44
54
80
70
71
17
27
26
14
6
15
17
18
27
16
26
25
27
36
26
45
44
35
53
43
44
4
5
14
5
6
14
7
16
15
24
15
16
6
7
15
32
24
33
23
15
24
17
8
18
16
17
26
16
7
17
53
63
62
72
71
62
63
72
62
81
71
72
80
71
81
