   0.0000000e+00
   0.0000000e+00
   3.8060234e-02
   1.9134172e-01
   1.4644661e-01
   3.5355339e-01
   3.0865828e-01
   4.6193977e-01
   5.0000000e-01
   5.0000000e-01
   6.9134172e-01
   4.6193977e-01
   8.5355339e-01
   3.5355339e-01
   9.6193977e-01
   1.9134172e-01
   1.0000000e+00
   1.0000006e-10
  -6.2500000e-02
   0.0000000e+00
  -2.5034457e-02
   2.1960200e-01
   8.1658381e-02
   4.1052912e-01
   2.7649175e-01
   5.1722196e-01
   5.0000000e-01
   5.5468750e-01
   7.2350825e-01
   5.1722196e-01
   9.1834162e-01
   4.1052912e-01
   1.0250345e+00
   2.1960200e-01
   1.0625000e+00
   9.8437560e-11
  -2.5000000e-01
   0.0000000e+00
  -2.1431853e-01
   3.0438286e-01
  -1.1270630e-01
   5.8145630e-01
   1.7999214e-01
   6.8306853e-01
   5.0000000e-01
   7.1875000e-01
   8.2000786e-01
   6.8306853e-01
   1.1127063e+00
   5.8145630e-01
   1.2143185e+00
   3.0438286e-01
   1.2500000e+00
   9.3750057e-11
  -5.6250000e-01
   0.0000000e+00
  -5.2979199e-01
   4.4568429e-01
  -4.3664745e-01
   8.6633495e-01
   1.9159463e-02
   9.5947949e-01
   5.0000000e-01
   9.9218750e-01
   9.8084054e-01
   9.5947949e-01
   1.4366474e+00
   8.6633495e-01
   1.5297920e+00
   4.4568429e-01
   1.5625000e+00
   8.5937553e-11
  -1.0000000e+00
   0.0000000e+00
  -9.7145482e-01
   6.4350629e-01
  -8.9016504e-01
   1.2651650e+00
  -2.0600629e-01
   1.3464548e+00
   5.0000000e-01
   1.3750000e+00
   1.2060063e+00
   1.3464548e+00
   1.8901650e+00
   1.2651650e+00
   1.9714548e+00
   6.4350629e-01
   2.0000000e+00
   7.5000046e-11
  -1.5625000e+00
   0.0000000e+00
  -1.5393070e+00
   8.9784886e-01
  -1.4732591e+00
   1.7779466e+00
  -4.9550511e-01
   1.8439945e+00
   5.0000000e-01
   1.8671875e+00
   1.4955051e+00
   1.8439945e+00
   2.4732591e+00
   1.7779466e+00
   2.5393070e+00
   8.9784886e-01
   2.5625000e+00
   6.0937537e-11
  -2.2500000e+00
   0.0000000e+00
  -2.2333486e+00
   1.2087120e+00
  -2.1859296e+00
   2.4046796e+00
  -8.4933700e-01
   2.4520986e+00
   5.0000000e-01
   2.4687500e+00
   1.8493370e+00
   2.4520986e+00
   3.1859296e+00
   2.4046796e+00
   3.2333486e+00
   1.2087120e+00
   3.2500000e+00
   4.3750027e-11
  -3.0625000e+00
   0.0000000e+00
  -3.0535796e+00
   1.5760957e+00
  -3.0281766e+00
   3.1453641e+00
  -1.2675020e+00
   3.1707671e+00
   5.0000000e-01
   3.1796875e+00
   2.2675020e+00
   3.1707671e+00
   4.0281766e+00
   3.1453641e+00
   4.0535796e+00
   1.5760957e+00
   4.0625000e+00
   2.3437514e-11
  -4.0000000e+00
   0.0000000e+00
  -4.0000000e+00
   2.0000000e+00
  -4.0000000e+00
   4.0000000e+00
  -1.7500000e+00
   4.0000000e+00
   5.0000000e-01
   4.0000000e+00
   2.7500000e+00
   4.0000000e+00
   5.0000000e+00
   4.0000000e+00
   5.0000000e+00
   2.0000000e+00
   5.0000000e+00
   0.0000000e+00
